5.939102000000000317e+02 2.418589599999999962e+02 4.982037500000000136e+02 1.194755399999999952e+02
6.916765400000000454e+02 2.234832499999999982e+02 6.342270399999999881e+02 1.034648899999999969e+02
4.017696900000000255e+02 4.162991499999999974e+02 4.903268100000000231e+02 3.427198700000000144e+02
3.992128599999999778e+02 5.331783199999999852e+02 4.892717099999999846e+02 5.246871999999999616e+02
3.671711700000000178e+02 5.252994800000000168e+02 4.202384299999999939e+02 5.129918800000000374e+02
5.865748200000000452e+02 3.992576099999999997e+02 5.190209599999999455e+02 3.079799199999999928e+02
5.466300899999999956e+02 3.986249399999999810e+02 4.676822900000000232e+02 3.068783000000000243e+02
6.762335600000000113e+02 3.514155400000000213e+02 6.263054899999999634e+02 2.511592899999999986e+02
3.721860899999999788e+02 2.715075699999999870e+02 2.301838999999999942e+02 1.436160800000000108e+02
4.851462399999999775e+02 3.550274699999999939e+02 3.759133499999999799e+02 2.528731799999999907e+02
6.853274400000000242e+02 2.796412799999999947e+02 6.251331599999999753e+02 1.695877499999999998e+02
3.793781299999999987e+02 4.288431100000000242e+02 4.532810900000000061e+02 3.627667700000000082e+02
4.257075899999999820e+02 5.276683500000000322e+02 5.130700699999999870e+02 5.100330400000000282e+02
3.989784000000000219e+02 5.130141899999999850e+02 4.866925800000000208e+02 4.951444099999999935e+02
3.215433800000000133e+02 3.185416200000000231e+02 1.649607300000000123e+02 2.048264900000000068e+02
8.231494699999999511e+02 3.366846400000000017e+02 8.477356399999999894e+02 2.366834699999999998e+02
8.274871000000000549e+02 2.987010599999999840e+02 8.561764399999999569e+02 1.924865200000000129e+02
5.764467172506857651e+02 2.733143446995878207e+02 4.803264665374170477e+02 1.560546913685867025e+02
5.413348219803513075e+02 2.441738601895142722e+02 4.316845558332415749e+02 1.199110493870118717e+02
5.738192965161708798e+02 2.494287016585439289e+02 4.762729739787357630e+02 1.276802434578176815e+02
4.947578180503157341e+02 2.909897205499603388e+02 3.837182272221796211e+02 1.756465720688796068e+02
5.071783524316585385e+02 3.748283276240243822e+02 4.097281378070512119e+02 2.790106323152525647e+02
5.723861579337083185e+02 2.897954383979081285e+02 5.043096308429479677e+02 1.749709899757660594e+02
6.676898736674735346e+02 2.924228591324229001e+02 6.120649746945589413e+02 1.820646019534583218e+02
3.377939878780084655e+02 3.703309743465495671e+02 1.918655051113914283e+02 2.736075751686765898e+02
3.210982358910493417e+02 3.827509849709947503e+02 1.703373326379488049e+02 2.901381361750700307e+02
2.563512952586955862e+02 3.888591869174432532e+02 7.230726155352260776e+01 2.982112008526110003e+02
3.756651435405149186e+02 4.833721106941258654e+02 4.502639317766756903e+02 4.503528604518788825e+02
3.910914280535924945e+02 5.100965190759362713e+02 4.729039071343397609e+02 4.902707117403917891e+02
3.956541319236577010e+02 5.083583461730543149e+02 4.776702177359532584e+02 4.843128234883749315e+02
3.895705267635707969e+02 4.492604674750670029e+02 4.737975903721422810e+02 3.952423941207230200e+02
3.889951219559405331e+02 4.280560699476575905e+02 4.665334998202267798e+02 3.603993349145116554e+02
4.730474004237804593e+02 3.686292320977320287e+02 3.616134327537537843e+02 2.714407713430529725e+02
5.988101332226738123e+02 2.400964807024542438e+02 5.047080696763994183e+02 1.183848560552903564e+02
5.830521641994398578e+02 2.564889988138722288e+02 4.868970493088540366e+02 1.361958764228357097e+02
2.666662508367158466e+02 4.832955504751473086e+02 1.591447922849548604e+02 4.396455009749701617e+02
2.032901994828042120e+02 4.805598935821727764e+02 5.773368464561303881e+01 4.438962659658407688e+02
2.548117376338258850e+02 4.390690973720579677e+02 1.409272280383664793e+02 3.783130346781226763e+02
2.748732215156396705e+02 4.504676677594521266e+02 1.670390701251432120e+02 4.026031203402404799e+02
2.575433027801604453e+02 3.742984783581524084e+02 7.281637057147219139e+01 2.775465684029472868e+02
7.738918126764804128e+02 3.392178153329735437e+02 7.841029336627793782e+02 2.411357418664964598e+02
7.567163230925569906e+02 3.835326703775619990e+02 7.684118382026520067e+02 2.901353026723706989e+02
